[937, 234, 321]
[929, 219, 363]
[937, 205, 340]
[941, 231, 323]
[944, 210, 309]
[922, 248, 365]
[944, 227, 338]
[929, 246, 347]
[924, 230, 340]
[909, 229, 336]
[922, 213, 337]
[964, 252, 366]
[933, 237, 366]
[939, 213, 324]
[935, 193, 339]
[916, 217, 363]
[932, 225, 340]
[928, 201, 339]
[916, 243, 311]
[942, 233, 349]
[939, 245, 343]
[967, 205, 336]
[933, 245, 344]
[567, 664, 870]
[575, 643, 865]
[558, 650, 877]
[546, 673, 871]
[556, 656, 879]
[562, 627, 874]
[570, 664, 867]
[583, 642, 908]
[570, 651, 891]
[568, 666, 883]
[580, 667, 891]
[580, 673, 876]
[558, 657, 848]
[578, 657, 869]
[739, 13, 840]
[736, 58, 841]
[744, 37, 810]
[746, 1, 846]
[741, 0, 836]
[731, 13, 846]
[751, 15, 834]
[748, 4, 852]
[758, 13, 847]
[747, 9, 823]
[733, -2, 816]
[747, 30, 845]
[460, 542, 36]
[452, 531, 49]
[451, 520, 39]
[418, 509, 49]
[443, 535, 48]
[458, 552, 40]
[443, 537, 55]
[432, 526, 19]
[450, 533, 39]
[458, 545, 35]
[455, 524, 43]
[451, 541, 31]
[457, 540, 27]
[450, 539, 39]
[458, 544, 42]
[453, 532, 43]
