[933, 210, 341]
[927, 271, 312]
[964, 220, 336]
[920, 230, 328]
[948, 214, 340]
[958, 203, 351]
[941, 236, 329]
[891, 228, 352]
[928, 214, 332]
[931, 232, 351]
[949, 241, 349]
[921, 212, 332]
[941, 243, 337]
[941, 220, 344]
[924, 231, 340]
[949, 236, 327]
[933, 224, 373]
[961, 243, 373]
[920, 236, 347]
[942, 239, 344]
[942, 235, 362]
[941, 237, 334]
[588, 641, 854]
[579, 643, 880]
[580, 648, 891]
[570, 647, 869]
[577, 634, 867]
[578, 632, 865]
[563, 646, 901]
[582, 623, 850]
[577, 664, 859]
[577, 651, 881]
[571, 665, 872]
[567, 651, 902]
[574, 643, 872]
[556, 622, 880]
[562, 650, 855]
[574, 648, 863]
[590, 633, 863]
[583, 653, 849]
[569, 653, 870]
[727, 26, 838]
[745, 11, 826]
[751, 28, 835]
[743, 3, 865]
[741, -25, 837]
[751, 1, 830]
[728, 21, 838]
[766, 9, 836]
[727, 12, 829]
[762, 11, 812]
[731, 19, 836]
[750, 20, 812]
[720, 16, 836]
[751, 11, 846]
[728, 15, 812]
[750, 23, 813]
[748, 24, 848]
[758, 21, 829]
[745, -1, 835]
[736, 25, 831]
[735, 6, 848]
[737, 13, 829]
[781, 2, 834]
[443, 541, 45]
[477, 526, 49]
[454, 551, 59]
[465, 530, 27]
[408, 534, 62]
[448, 518, 47]
[455, 526, 64]
[441, 555, 55]
[452, 522, 76]
[455, 546, 36]
[469, 522, 40]
[463, 533, 47]
[473, 523, 50]
[454, 554, 54]
[455, 552, 42]
[436, 524, 56]
[449, 545, 41]
[430, 552, 41]
[478, 532, 47]
[451, 555, 47]
[440, 523, 30]
