[950, 255, 334]
[934, 213, 338]
[924, 225, 330]
[954, 192, 341]
[933, 258, 353]
[930, 226, 344]
[920, 241, 343]
[913, 211, 371]
[962, 222, 344]
[940, 220, 348]
[942, 233, 335]
[936, 225, 368]
[954, 217, 339]
[944, 227, 330]
[966, 224, 348]
[948, 216, 326]
[934, 189, 354]
[557, 649, 880]
[558, 642, 895]
[573, 686, 871]
[565, 672, 878]
[571, 672, 870]
[568, 651, 871]
[575, 658, 877]
[545, 637, 857]
[571, 633, 876]
[578, 638, 874]
[564, 652, 870]
[547, 641, 860]
[557, 673, 873]
[560, 630, 871]
[569, 657, 864]
[566, 648, 860]
[578, 670, 883]
[574, 645, 860]
[561, 634, 864]
[738, 9, 829]
[727, -2, 836]
[747, 36, 857]
[737, -3, 832]
[760, 19, 815]
[729, 31, 831]
[720, 23, 862]
[731, 14, 828]
[752, 7, 827]
[750, 31, 834]
[759, 8, 838]
[743, 5, 803]
[742, 9, 828]
[759, 23, 865]
[721, 22, 826]
[726, 0, 844]
[756, 4, 808]
[457, 516, 35]
[444, 536, 38]
[436, 518, 48]
[446, 538, 80]
[470, 540, 50]
[442, 524, -1]
[444, 522, 72]
[448, 520, 60]
[441, 545, 34]
[448, 542, 50]
[466, 537, 49]
[462, 531, 31]
[460, 514, 74]
[434, 539, 43]
[473, 559, 51]
[455, 538, 61]
[448, 523, 49]
[453, 546, 52]
[478, 543, 65]
