[942, 230, 338]
[928, 233, 337]
[955, 209, 338]
[921, 211, 339]
[957, 236, 341]
[942, 239, 350]
[938, 220, 354]
[937, 203, 348]
[928, 196, 317]
[943, 225, 329]
[932, 226, 356]
[936, 223, 324]
[939, 206, 335]
[944, 249, 354]
[944, 242, 324]
[930, 230, 355]
[935, 223, 341]
[937, 233, 349]
[930, 213, 363]
[920, 208, 343]
[948, 246, 336]
[946, 223, 379]
[928, 224, 347]
[931, 210, 360]
[597, 682, 885]
[579, 622, 879]
[577, 649, 878]
[557, 649, 860]
[570, 648, 880]
[579, 658, 878]
[585, 660, 868]
[576, 663, 877]
[567, 668, 854]
[593, 653, 860]
[582, 639, 880]
[579, 629, 887]
[593, 658, 882]
[593, 649, 871]
[581, 659, 860]
[544, 650, 886]
[574, 641, 886]
[603, 660, 876]
[586, 639, 899]
[751, -5, 831]
[751, -4, 816]
[747, 8, 859]
[740, 34, 831]
[762, 17, 858]
[748, 15, 821]
[739, 3, 838]
[736, 16, 845]
[737, 15, 821]
[740, 11, 829]
[746, 19, 833]
[727, 5, 815]
[738, -2, 824]
[724, -13, 820]
[738, 14, 838]
[741, 12, 824]
[740, 2, 856]
[757, 14, 798]
[780, 5, 846]
[752, 9, 836]
[730, 17, 830]
[765, 36, 847]
[754, 34, 836]
[741, 15, 818]
[757, 21, 846]
[754, -7, 834]
[746, 16, 820]
[750, 11, 827]
[447, 540, 45]
[462, 509, 43]
[448, 528, 55]
[442, 513, 61]
[437, 521, 54]
[438, 544, 45]
[448, 507, 52]
[457, 520, 51]
[457, 544, 55]
[453, 551, 47]
[448, 529, 58]
[464, 525, 66]
[436, 528, 33]
[459, 526, 23]
[430, 530, 41]
[477, 520, 58]
[469, 534, 47]
[455, 538, 57]
[454, 518, 45]
[440, 537, 39]
[457, 527, 52]
[447, 510, 59]
[453, 525, 64]
[441, 547, 42]
