[946, 231, 348]
[926, 222, 316]
[939, 217, 345]
[933, 222, 348]
[930, 232, 327]
[926, 227, 382]
[942, 195, 336]
[939, 224, 338]
[926, 217, 360]
[938, 214, 390]
[931, 211, 347]
[936, 226, 316]
[954, 224, 351]
[951, 224, 332]
[561, 642, 875]
[574, 677, 914]
[565, 652, 878]
[581, 673, 875]
[621, 666, 889]
[561, 621, 874]
[564, 666, 840]
[563, 644, 893]
[565, 669, 864]
[581, 633, 891]
[587, 671, 895]
[575, 647, 893]
[590, 644, 862]
[565, 646, 880]
[570, 666, 865]
[569, 660, 882]
[578, 660, 862]
[565, 645, 872]
[588, 644, 875]
[571, 641, 868]
[560, 660, 880]
[603, 639, 845]
[587, 654, 877]
[560, 654, 885]
[578, 662, 863]
[580, 651, 869]
[571, 662, 888]
[577, 687, 873]
[557, 640, 866]
[737, 5, 840]
[728, 14, 816]
[754, 6, 829]
[743, 30, 838]
[720, 3, 821]
[717, -22, 818]
[749, 18, 821]
[721, 28, 838]
[747, 8, 839]
[745, 21, 814]
[752, -1, 785]
[742, 27, 848]
[748, 9, 842]
[721, 29, 839]
[736, -3, 846]
[733, 7, 818]
[728, 2, 824]
[733, -5, 856]
[737, 25, 843]
[747, 24, 841]
[447, 532, 52]
[454, 525, 52]
[463, 540, 57]
[458, 535, 47]
[445, 518, 41]
[461, 503, 43]
[459, 534, 67]
[451, 531, 44]
[440, 528, 40]
[448, 526, 47]
[449, 535, 56]
[416, 539, 57]
[453, 552, 62]
[458, 519, 68]
[454, 526, 15]
[465, 531, 62]
[447, 538, 23]
[472, 525, 46]
[435, 495, 64]
[447, 554, 37]
